0.0000 0.0065
3.5120 0.0130
7.0230 0.0195
10.5340 0.0260
14.0450 0.0325
17.5570 0.0390
21.0680 0.0455
24.5790 0.0521
28.0900 0.0586
31.6010 0.0651
35.1130 0.0716
38.6240 0.0781
42.1350 0.0846
45.6460 0.0911
49.1580 0.0976
52.6690 0.1040
56.1800 0.1104
59.6910 0.1168
63.2030 0.1232
66.7140 0.1295
70.2250 0.1359
73.7360 0.1421
77.2480 0.1484
80.7590 0.1547
84.2700 0.1608
87.7810 0.1670
91.2930 0.1731
94.8040 0.1791
98.3150 0.1851
101.8260 0.1911
105.3380 0.1970
108.8490 0.2029
112.3600 0.2087
115.8710 0.2146
119.3830 0.2203
122.8940 0.2260
126.4050 0.2318
129.9160 0.2374
133.4280 0.2430
136.9390 0.2485
140.4500 0.2541
143.9610 0.2595
147.4720 0.2649
150.9840 0.2702
154.4950 0.2754
158.0060 0.2806
161.5170 0.2858
165.0290 0.2909
168.5400 0.2959
172.0510 0.3009
175.5620 0.3059
179.0740 0.3107
182.5850 0.3156
186.0960 0.3203
189.6070 0.3251
193.1190 0.3298
196.6300 0.3344
200.1410 0.3390
203.6520 0.3434
207.1640 0.3478
210.6750 0.3522
214.1860 0.3566
217.6970 0.3610
221.2090 0.3652
224.7200 0.3694
228.2310 0.3736
231.7420 0.3778
235.2540 0.3819
238.7650 0.3860
242.2760 0.3900
245.7870 0.3940
249.2990 0.3979
252.8100 0.4017
256.3210 0.4056
259.8320 0.4094
263.3440 0.4131
266.8550 0.4169
270.3660 0.4205
273.8770 0.4241
277.3890 0.4278
280.9000 0.4313
284.4110 0.4348
287.9220 0.4383
291.4330 0.4417
294.9450 0.4451
298.4560 0.4486
301.9670 0.4520
305.4780 0.4553
308.9900 0.4587
312.5010 0.4620
316.0120 0.4653
319.5230 0.4686
323.0350 0.4718
326.5460 0.4750
330.0570 0.4783
333.5680 0.4815
337.0800 0.4847
340.5910 0.4879
344.1020 0.4911
347.6130 0.4942
351.1250 0.4974
354.6360 0.5006
358.1470 0.5037
361.6580 0.5070
365.1700 0.5102
368.6810 0.5134
372.1920 0.5165
375.7030 0.5197
379.2150 0.5229
382.7260 0.5261
386.2370 0.5293
389.7480 0.5326
393.2600 0.5358
396.7710 0.5391
400.2820 0.5423
403.7930 0.5456
407.3050 0.5489
410.8160 0.5523
414.3270 0.5557
417.8380 0.5590
421.3500 0.5625
424.8610 0.5659
428.3720 0.5694
431.8830 0.5729
435.3940 0.5764
438.9060 0.5800
442.4170 0.5836
445.9280 0.5872
449.4390 0.5909
452.9510 0.5946
456.4620 0.5984
459.9730 0.6022
463.4840 0.6061
466.9960 0.6100
470.5070 0.6139
474.0180 0.6180
477.5290 0.6220
481.0410 0.6261
484.5520 0.6303
488.0630 0.6345
491.5740 0.6388
495.0860 0.6432
498.5970 0.6476
502.1080 0.6520
505.6190 0.6565
509.1310 0.6611
512.6420 0.6657
516.1530 0.6704
519.6640 0.6752
523.1760 0.6800
526.6870 0.6849
530.1980 0.6898
533.7090 0.6949
537.2210 0.6999
540.7320 0.7051
544.2430 0.7103
547.7540 0.7156
551.2660 0.7209
554.7770 0.7264
558.2880 0.7319
561.7990 0.7374
565.3100 0.7430
568.8220 0.7488
572.3330 0.7545
575.8440 0.7604
579.3550 0.7663
582.8670 0.7723
586.3780 0.7783
589.8890 0.7844
593.4000 0.7907
596.9120 0.7970
600.4230 0.8033
603.9340 0.8097
607.4450 0.8162
610.9570 0.8227
614.4680 0.8293
617.9790 0.8360
621.4900 0.8427
625.0020 0.8494
628.5130 0.8562
632.0240 0.8631
635.5350 0.8701
639.0470 0.8771
642.5580 0.8841
646.0690 0.8912
649.5800 0.8983
653.0920 0.9054
656.6030 0.9125
660.1140 0.9196
663.6250 0.9269
667.1370 0.9341
670.6480 0.9415
674.1590 0.9488
677.6700 0.9562
681.1820 0.9636
684.6930 0.9710
688.2040 0.9785
691.7150 0.9859
695.2270 0.9934
698.7380 1.0000
