0.000 0.017
2.351 0.034
4.703 0.050
7.054 0.066
9.406 0.081
11.757 0.096
14.109 0.111
16.460 0.126
18.812 0.140
21.163 0.154
23.515 0.167
25.866 0.181
28.217 0.194
30.569 0.206
32.920 0.219
35.272 0.231
37.623 0.243
39.975 0.255
42.326 0.266
44.678 0.277
47.029 0.288
49.380 0.299
51.732 0.309
54.083 0.319
56.435 0.329
58.786 0.339
61.138 0.348
63.489 0.358
65.841 0.367
68.192 0.376
70.543 0.385
72.895 0.393
75.246 0.401
77.598 0.410
79.949 0.418
82.301 0.426
84.652 0.433
87.004 0.441
89.355 0.448
91.706 0.455
94.058 0.462
96.409 0.469
98.761 0.476
101.112 0.483
103.464 0.489
105.815 0.496
108.166 0.502
110.518 0.508
112.869 0.514
115.221 0.520
117.572 0.526
119.924 0.532
122.275 0.537
124.627 0.543
126.978 0.548
129.329 0.553
131.681 0.558
134.032 0.564
136.384 0.569
138.735 0.573
141.087 0.578
143.438 0.583
145.790 0.588
148.141 0.592
150.492 0.597
152.844 0.601
155.195 0.606
157.547 0.610
159.898 0.614
162.250 0.618
164.601 0.623
166.953 0.627
169.304 0.631
171.655 0.635
174.007 0.638
176.358 0.642
178.710 0.646
181.061 0.650
183.413 0.653
185.764 0.657
188.116 0.661
190.467 0.664
192.819 0.668
195.170 0.671
197.521 0.675
199.873 0.678
202.224 0.681
204.576 0.685
206.927 0.688
209.279 0.691
211.630 0.694
213.982 0.697
216.333 0.700
218.684 0.703
221.036 0.707
223.387 0.710
225.739 0.713
228.090 0.716
230.442 0.718
232.793 0.721
235.145 0.724
237.496 0.727
239.847 0.730
242.199 0.733
244.550 0.735
246.902 0.738
249.253 0.741
251.605 0.744
253.956 0.746
256.308 0.749
258.659 0.752
261.010 0.754
263.362 0.757
265.713 0.760
268.065 0.762
270.416 0.765
272.768 0.767
275.119 0.770
277.471 0.772
279.822 0.775
282.173 0.777
284.525 0.780
286.876 0.782
289.228 0.785
291.579 0.787
293.931 0.790
296.282 0.792
298.634 0.794
300.985 0.797
303.336 0.799
305.688 0.802
308.039 0.804
310.391 0.806
312.742 0.809
315.094 0.811
317.445 0.813
319.797 0.816
322.148 0.818
324.499 0.820
326.851 0.823
329.202 0.825
331.554 0.827
333.905 0.829
336.257 0.832
338.608 0.834
340.960 0.836
343.311 0.839
345.662 0.841
348.014 0.843
350.365 0.846
352.717 0.848
355.068 0.850
357.420 0.853
359.771 0.855
362.123 0.857
364.474 0.860
366.825 0.862
369.177 0.865
371.528 0.867
373.880 0.869
376.231 0.872
378.583 0.874
380.934 0.877
383.286 0.879
385.637 0.882
387.988 0.884
390.340 0.887
392.691 0.890
395.043 0.892
397.394 0.895
399.746 0.898
402.097 0.900
404.449 0.903
406.800 0.906
409.151 0.909
411.503 0.912
413.854 0.915
416.206 0.918
418.557 0.921
420.909 0.924
423.260 0.927
425.612 0.930
427.963 0.933
430.314 0.937
432.666 0.940
435.017 0.944
437.369 0.947
439.720 0.951
442.072 0.954
444.423 0.958
446.775 0.962
449.126 0.966
451.477 0.970
453.829 0.974
456.180 0.978
458.532 0.983
460.883 0.987
463.235 0.992
465.586 0.996
467.938 1.000
